type lut_array_t is array (0 to 255) of integer;
constant GAMMA_05_LUT : lut_array_t := (
      0,  15,  22,  27,  31,  35,  39,  42,  45,  47,  50,  52,  55,  57,  59,  61,
     63,  65,  67,  69,  71,  73,  74,  76,  78,  79,  81,  82,  84,  85,  87,  88,
     90,  91,  93,  94,  95,  97,  98,  99, 100, 102, 103, 104, 105, 107, 108, 109,
    110, 111, 112, 114, 115, 116, 117, 118, 119, 120, 121, 122, 123, 124, 125, 126,
    127, 128, 129, 130, 131, 132, 133, 134, 135, 136, 137, 138, 139, 140, 141, 141,
    142, 143, 144, 145, 146, 147, 148, 148, 149, 150, 151, 152, 153, 153, 154, 155,
    156, 157, 158, 158, 159, 160, 161, 162, 162, 163, 164, 165, 165, 166, 167, 168,
    168, 169, 170, 171, 171, 172, 173, 174, 174, 175, 176, 177, 177, 178, 179, 179,
    180, 181, 182, 182, 183, 184, 184, 185, 186, 186, 187, 188, 188, 189, 190, 190,
    191, 192, 192, 193, 194, 194, 195, 196, 196, 197, 198, 198, 199, 200, 200, 201,
    201, 202, 203, 203, 204, 205, 205, 206, 206, 207, 208, 208, 209, 210, 210, 211,
    211, 212, 213, 213, 214, 214, 215, 216, 216, 217, 217, 218, 218, 219, 220, 220,
    221, 221, 222, 222, 223, 224, 224, 225, 225, 226, 226, 227, 228, 228, 229, 229,
    230, 230, 231, 231, 232, 233, 233, 234, 234, 235, 235, 236, 236, 237, 237, 238,
    238, 239, 240, 240, 241, 241, 242, 242, 243, 243, 244, 244, 245, 245, 246, 246,
    247, 247, 248, 248, 249, 249, 250, 250, 251, 251, 252, 252, 253, 253, 254, 255
);

constant GAMMA_20_LUT : lut_array_t := (
      0,   0,   0,   0,   0,   0,   0,   0,   0,   0,   0,   0,   0,   0,   0,   0,
      1,   1,   1,   1,   1,   1,   1,   2,   2,   2,   2,   2,   3,   3,   3,   3,
      4,   4,   4,   4,   5,   5,   5,   5,   6,   6,   6,   7,   7,   7,   8,   8,
      9,   9,   9,  10,  10,  11,  11,  11,  12,  12,  13,  13,  14,  14,  15,  15,
     16,  16,  17,  17,  18,  18,  19,  19,  20,  20,  21,  22,  22,  23,  23,  24,
     25,  25,  26,  27,  27,  28,  29,  29,  30,  31,  31,  32,  33,  33,  34,  35,
     36,  36,  37,  38,  39,  40,  40,  41,  42,  43,  44,  44,  45,  46,  47,  48,
     49,  50,  50,  51,  52,  53,  54,  55,  56,  57,  58,  59,  60,  61,  62,  63,
     64,  65,  66,  67,  68,  69,  70,  71,  72,  73,  74,  75,  76,  77,  79,  80,
     81,  82,  83,  84,  85,  87,  88,  89,  90,  91,  93,  94,  95,  96,  97,  99,
    100, 101, 102, 104, 105, 106, 108, 109, 110, 112, 113, 114, 116, 117, 118, 120,
    121, 122, 124, 125, 127, 128, 129, 131, 132, 134, 135, 137, 138, 140, 141, 143,
    144, 146, 147, 149, 150, 152, 153, 155, 156, 158, 160, 161, 163, 164, 166, 168,
    169, 171, 172, 174, 176, 177, 179, 181, 182, 184, 186, 188, 189, 191, 193, 195,
    196, 198, 200, 202, 203, 205, 207, 209, 211, 212, 214, 216, 218, 220, 222, 224,
    225, 227, 229, 231, 233, 235, 237, 239, 241, 243, 245, 247, 249, 251, 253, 255
);
